# Auto-parsed Discord user IDs. Lines starting with # are ignored.
755786550851403826
251101756941926403
699573506278424586
1040704487616168006
1475557206102638633
603243343950118921
1010079731217092639
1445524299749265570
393152437256716290
1419313406565155067
823227562489806920
1495099017288224940
764461522058870834
823268524280643635
321626570143825920
298908532042891264
698528003801481216
763608779409195009
1399158435911700580
1288535908835917979
1293160541182754882
749995369630531775
1186949435452825611
486221167535849482
1491833544824328273
369983027108904973
1494042101170700330
1494418044284309534
1032942572143923220
1483022353548968059
493369063070760980
635089286374621186
1382356911130935327
636810171028340746
856941150136172545
428284422865813505
958629795950886934
693519619658350632
701304320267911261
310757109232828427
805165459191365652
1463193079598289013
1385646693353259206
378578955919294465
696030147719069696
1494803019039117504
1222811617415139391
1493325179093389453
899903978635153428
1384458808801361930
685161789704503316
635112034681356293
908728572737380414
776133152233619497
1489700790107902005
438289375600705537
847841008087335002
904300572784619591
959517121568727160
487292908370919434
1490376574296391780
852057684627030017
1481333924268605541
262923050876534785
1265356621131944119
771811454202150944
1155862953661317132
1495095665599185078
703992822650372129
987793056528994384
1486724323573108807
1493555390779232277
258288393589358592
279571502121353216
1468565299241418999
1054013231473106985
529370532282630146
599314168516182051
625380811746836480
411874240028082177
1481653260569018378
541660572454879241
1491130399080841328
1482649272670359603
1486069790518018131
1168197545038725151
1292985381469552803
621721077084717066
664067730684772353
1487339816550137878
317547298223685633
1488297028738875525
1493306782196564048
1493698540176937091
1038402406842634321
418374019419602956
553251457219166209
